# Complex robot path with different orientations
# Format: [x, y, z, r11, r12, r13, r21, r22, r23, r31, r32, r33]
0.0 0.0 0.0 1.0 0.0 0.0 0.0 1.0 0.0 0.0 0.0 1.0
0.1 0.1 0.0 0.866 -0.5 0.0 0.5 0.866 0.0 0.0 0.0 1.0
0.2 0.2 0.1 0.707 -0.707 0.0 0.707 0.707 0.0 0.0 0.0 1.0
0.3 0.1 0.2 0.5 -0.866 0.0 0.866 0.5 0.0 0.0 0.0 1.0
0.4 0.0 0.3 0.0 -1.0 0.0 1.0 0.0 0.0 0.0 0.0 1.0